v 0.4906 1.3439 0.0000
v 0.0085 0.0085 0.0000
v 0.9915 0.9915 0.0000
v 2.0339 0.5607 0.0000
v 0.8693 -0.1754 0.0000
v 1.8653 -0.2736 0.0000
v -0.5720 -1.2136 0.0000
v -0.0166 -0.4979 0.0000
v 1.0665 -0.5806 0.0000
v 1.8026 -1.1681 0.0000
v 0.1673 -1.3594 0.0000
v 1.0320 -1.4969 0.0000
v 1.7024 -1.9970 0.0000
f 4.0000 6.0000 5.0000
f 5.0000 3.0000 4.0000
f 3.0000 5.0000 2.0000
f 2.0000 1.0000 3.0000
f 2.0000 5.0000 8.0000
f 8.0000 5.0000 9.0000
f 5.0000 6.0000 9.0000
f 9.0000 6.0000 10.0000
f 10.0000 13.0000 12.0000
f 12.0000 9.0000 10.0000
f 9.0000 12.0000 11.0000
f 11.0000 8.0000 9.0000
f 8.0000 11.0000 7.0000

